morph eyes_closed
v 0 60 0.012964 0.007834002 -0.03081405
v 0 61 0.004152 -0.002225995 -0.04179597
v 0 64 0.000372 -0.005401999 -0.05023408
v 0 68 -0.005725995 -0.005398005 -0.04370201
v 0 70 -0.01054999 -0.009495996 -0.04066002
v 0 213 0.004114002 0.004133999 -0.01191795
v 0 217 0.008423999 0.007789999 -0.064744
v 0 218 -0.0001759976 0.003148004 -0.07496798
v 0 219 0.003403999 4.008412E-06 -0.06568003
v 0 220 -0.002389997 9.998679E-06 -0.07102609
v 0 221 0.009888001 0.003768012 -0.03585792
v 0 222 0.002839997 0 -0.03778195
v 0 223 0.0003940016 0.002583995 -0.07991195
v 0 224 -3.993511E-06 0 -0.07358003
v 0 225 0.00629 5.990267E-06 -0.01006603
v 0 226 0.003319997 6.005168E-06 -0.01350808
v 0 227 -0.004086003 0.0006539971 -0.07518804
v 0 228 -0.003399998 -2.004206E-06 -0.07300603
v 0 230 0.0007240027 -1.996756E-06 0.0004119873
v 0 231 -0.008872002 0 -0.070912
v 0 232 -0.004209995 -0.000405997 -0.06976008
v 0 236 0.0002380013 4.008412E-06 0.001276016
v 0 239 6.005168E-06 -0.0007659942 0.001778007
v 0 263 -0.007420003 -0.003800005 -0.04070199
v 0 264 -0.00651601 5.997717E-06 -0.01681197
v 0 265 -0.002227992 0 -0.013448
v 0 267 -0.003790006 1.996756E-06 -0.04394197
v 0 268 2.999604E-05 -2.004206E-06 -0.01967609
v 0 283 0.0008639991 -1.996756E-06 -0.006074071
v 0 467 -0.004152 -0.002225995 -0.04179597
v 0 468 -0.012964 0.007834002 -0.03081405
v 0 471 -0.000372 -0.005401999 -0.05023408
v 0 475 0.005725995 -0.005398005 -0.04370201
v 0 477 0.01054999 -0.009495996 -0.04066002
v 0 626 -0.004114002 0.004133999 -0.01191795
v 0 629 0.0001759976 0.003148004 -0.07496798
v 0 630 -0.008423999 0.007789999 -0.064744
v 0 631 -0.003403999 4.008412E-06 -0.06568003
v 0 632 0.002389997 9.998679E-06 -0.07102609
v 0 633 -0.009888001 0.003768012 -0.03585792
v 0 634 -0.002839997 0 -0.03778195
v 0 635 -0.0003940016 0.002583995 -0.07991195
v 0 636 3.993511E-06 0 -0.07358003
v 0 637 -0.00629 5.990267E-06 -0.01006603
v 0 638 -0.003319997 6.005168E-06 -0.01350808
v 0 639 0.004086003 0.0006539971 -0.07518804
v 0 640 0.003399998 -2.004206E-06 -0.07300603
v 0 642 -0.0007240027 -1.996756E-06 0.0004119873
v 0 643 0.008872002 0 -0.070912
v 0 644 0.004209995 -0.000405997 -0.06976008
v 0 648 -0.0002380013 4.008412E-06 0.001276016
v 0 653 -6.005168E-06 -0.0007659942 0.001778007
v 0 675 0.00651601 5.997717E-06 -0.01681197
v 0 676 0.007420003 -0.003800005 -0.04070199
v 0 677 0.002227992 0 -0.013448
v 0 679 0.003790006 1.996756E-06 -0.04394197
v 0 680 -2.999604E-05 -2.004206E-06 -0.01967609
v 0 695 -0.0008639991 -1.996756E-06 -0.006074071
v 0 816 -0.0005099997 0.001683995 -0.07600594
v 0 817 -0.001263998 -0.005339995 -0.07493401
v 0 818 -0.001074001 -0.01005401 -0.07514393
v 0 819 -0.0006680042 0.001111999 -0.07728601
v 0 820 -0.001739994 -0.006083995 -0.07526004
v 0 821 -0.005710006 0.000372 -0.07501006
v 0 822 0.001172006 0.007763997 -0.06705999
v 0 823 0.001173995 -0.001115993 -0.06705809
v 0 824 -0.003317997 -0.005582005 -0.05478191
v 0 825 -0.0009180009 0 -0.05300391
v 0 826 -3.997236E-06 0.003794 -0.05266809
v 0 827 -0.005711999 -0.007348001 -0.04023802
v 0 828 0.002347998 0.003963992 -0.04142201
v 0 829 -0.002094001 2.004206E-06 -0.04472196
v 0 830 0 0.004220001 -0.05496609
v 0 831 -0.0003840029 2.004206E-06 -0.04979992
v 0 832 0.000285998 4.000962E-06 -0.05689192
v 0 833 0.002976 0.002166003 -0.04285407
v 0 834 -0.004830003 -3.993511E-06 -0.02945793
v 0 835 0.00490801 0.005347997 -0.02881205
v 0 836 -0.006183997 0.0004860014 -0.06948602
v 0 837 -0.001543999 -0.0009920001 -0.06988597
v 0 838 0.001263998 -0.005339995 -0.07493401
v 0 839 0.0005099997 0.001683995 -0.07600594
v 0 840 0.0006680042 0.001111999 -0.07728601
v 0 841 0.001074001 -0.01005401 -0.07514393
v 0 842 0.005710006 0.000372 -0.07501006
v 0 843 0.001739994 -0.006083995 -0.07526004
v 0 844 -0.001173995 -0.001115993 -0.06705809
v 0 845 -0.001172006 0.007763997 -0.06705999
v 0 846 0.0009180009 0 -0.05300391
v 0 847 0.003317997 -0.005582005 -0.05478191
v 0 848 3.997236E-06 0.003794 -0.05266809
v 0 849 0.005711999 -0.007348001 -0.04023802
v 0 850 -0.002347998 0.003963992 -0.04142201
v 0 851 0.0003840029 2.004206E-06 -0.04979992
v 0 852 0 0.004220001 -0.05496609
v 0 853 0.002094001 2.004206E-06 -0.04472196
v 0 854 -0.002976 0.002166003 -0.04285407
v 0 855 -0.000285998 4.000962E-06 -0.05689192
v 0 856 0.004830003 -3.993511E-06 -0.02945793
v 0 857 -0.00490801 0.005347997 -0.02881205
v 0 858 0.001543999 -0.0009920001 -0.06988597
v 0 859 0.006183997 0.0004860014 -0.06948602
v 3 0 -0.002389997 9.998679E-06 -0.07102609
v 3 1 0.003403999 4.008412E-06 -0.06568003
v 3 4 0.002839997 0 -0.03778195
v 3 6 -3.993511E-06 0 -0.07358003
v 3 8 0.003319997 6.005168E-06 -0.01350808
v 3 10 -0.003399998 -2.004206E-06 -0.07300603
v 3 11 -3.993511E-06 0 -0.07358003
v 3 14 0.003319997 6.005168E-06 -0.01350808
v 3 15 0.0007240027 -1.996756E-06 0.0004119873
v 3 18 -0.004209995 -0.000405997 -0.06976008
v 3 22 0.0002380013 4.008412E-06 0.001276016
v 3 25 6.005168E-06 -0.0007659942 0.001778007
v 3 99 -0.003790006 1.996756E-06 -0.04394197
v 3 102 2.999604E-05 -2.004206E-06 -0.01967609
v 3 114 0.0008639991 -1.996756E-06 -0.006074071
v 3 116 2.999604E-05 -2.004206E-06 -0.01967609
v 3 138 -0.003403999 4.008412E-06 -0.06568003
v 3 139 0.002389997 9.998679E-06 -0.07102609
v 3 142 -0.002839997 0 -0.03778195
v 3 144 3.993511E-06 0 -0.07358003
v 3 146 -0.003319997 6.005168E-06 -0.01350808
v 3 148 3.993511E-06 0 -0.07358003
v 3 149 0.003399998 -2.004206E-06 -0.07300603
v 3 152 -0.0007240027 -1.996756E-06 0.0004119873
v 3 153 -0.003319997 6.005168E-06 -0.01350808
v 3 156 0.004209995 -0.000405997 -0.06976008
v 3 160 -0.0002380013 4.008412E-06 0.001276016
v 3 162 -6.005168E-06 -0.0007659942 0.001778007
v 3 234 0.003790006 1.996756E-06 -0.04394197
v 3 235 -2.999604E-05 -2.004206E-06 -0.01967609
v 3 250 -0.0008639991 -1.996756E-06 -0.006074071
v 3 251 -2.999604E-05 -2.004206E-06 -0.01967609
morph smile_eyes
v 0 217 0.004628003 1.996756E-06 -0.03026807
v 0 218 -0.003165998 0 -0.03340805
v 0 219 0.0007200018 4.008412E-06 -0.03165197
v 0 220 -0.007597998 -0.005752012 -0.03123403
v 0 221 0.004303999 2.011657E-06 -0.01461792
v 0 222 0.001351997 0 -0.01762605
v 0 223 -0.0002259985 1.996756E-06 -0.03476393
v 0 224 -2.599508E-05 -0.004174009 -0.02910602
v 0 225 0.004856002 0 0.0007660389
v 0 226 0.001117997 6.005168E-06 0.001323938
v 0 227 -0.005695999 -2.004206E-06 -0.03391004
v 0 228 -0.002191991 -0.003972001 -0.03206599
v 0 229 0.006360002 0.006765991 0.02016604
v 0 230 -0.0004979968 -1.996756E-06 0.01948798
v 0 231 -0.008680001 5.997717E-06 -0.03518605
v 0 232 -0.004114002 0 -0.035514
v 0 233 0.001001999 0.003171995 0.03164399
v 0 234 -0.002552003 4.008412E-06 0.03520191
v 0 235 -0.0005540028 0.002302006 0.03583193
v 0 236 -0.002081998 4.008412E-06 0.03975809
v 0 237 -0.003189996 0.001517996 0.03143001
v 0 238 0.0003960133 0.003407992 0.03989601
v 0 239 0.0002219975 -1.996756E-06 0.03338194
v 0 240 0.00134401 0 0.04102397
v 0 241 0.001125999 0.004925996 0.04279602
v 0 242 0.002840005 0.002158001 0.04468203
v 0 263 -0.007254004 -4.000962E-06 -0.01864004
v 0 265 -0.004965991 0 -0.002134085
v 0 267 -0.004263997 1.996756E-06 -0.02104199
v 0 268 0.0005479902 0.003095999 -0.001844049
v 0 281 -0.002397999 0 0.007972002
v 0 283 -0.0001119971 4.000962E-06 0.01834393
v 0 375 -2.999604E-05 0.002069995 0.03932607
v 0 376 0.0002999976 3.993511E-06 0.04303598
v 0 629 0.003165998 0 -0.03340805
v 0 630 -0.004628003 1.996756E-06 -0.03026807
v 0 631 -0.0007200018 4.008412E-06 -0.03165197
v 0 632 0.007597998 -0.005752012 -0.03123403
v 0 633 -0.004303999 2.011657E-06 -0.01461792
v 0 634 -0.001351997 0 -0.01762605
v 0 635 0.0002259985 1.996756E-06 -0.03476393
v 0 636 2.599508E-05 -0.004174009 -0.02910602
v 0 637 -0.004856002 0 0.0007660389
v 0 638 -0.001117997 6.005168E-06 0.001323938
v 0 639 0.005695999 -2.004206E-06 -0.03391004
v 0 640 0.002191991 -0.003972001 -0.03206599
v 0 641 -0.006360002 0.006765991 0.02016604
v 0 642 0.0004979968 -1.996756E-06 0.01948798
v 0 643 0.008680001 5.997717E-06 -0.03518605
v 0 644 0.004114002 0 -0.035514
v 0 645 -0.001001999 0.003171995 0.03164399
v 0 646 0.002552003 4.008412E-06 0.03520191
v 0 647 0.0005540028 0.002302006 0.03583193
v 0 648 0.002081998 4.008412E-06 0.03975809
v 0 649 -0.0003960133 0.003407992 0.03989601
v 0 650 0.003189996 0.001517996 0.03143001
v 0 653 -0.0002219975 -1.996756E-06 0.03338194
v 0 654 -0.00134401 0 0.04102397
v 0 655 -0.001125999 0.004925996 0.04279602
v 0 656 -0.002840005 0.002158001 0.04468203
v 0 676 0.007254004 -4.000962E-06 -0.01864004
v 0 677 0.004965991 0 -0.002134085
v 0 679 0.004263997 1.996756E-06 -0.02104199
v 0 680 -0.0005479902 0.003095999 -0.001844049
v 0 694 0.002397999 0 0.007972002
v 0 695 0.0001119971 4.000962E-06 0.01834393
v 0 786 2.999604E-05 0.002069995 0.03932607
v 0 787 -0.0002999976 3.993511E-06 0.04303598
v 0 816 0 0 -0.0350759
v 0 817 -0.0006899983 -0.002393991 -0.03407407
v 0 818 -0.0007639974 -0.006216004 -0.03305399
v 0 819 0 0 -0.03507602
v 0 820 0 -0.003352001 -0.03507602
v 0 821 -0.001676008 0 -0.03589797
v 0 822 2.004206E-06 0.002301991 -0.03748405
v 0 823 0 -0.0008459985 -0.03507602
v 0 824 0 -0.001320004 -0.03507602
v 0 825 0 0.004246011 -0.0350759
v 0 826 0 0.003215998 -0.0366981
v 0 827 0 -0.001325995 -0.03507602
v 0 828 0 0.005983993 -0.03507602
v 0 829 0.001211986 0.007774003 -0.02960396
v 0 830 0.0009939969 0.005178005 -0.03397799
v 0 831 0.001317993 0.009011999 -0.03047192
v 0 832 -0.0003720075 0.005186006 -0.03150797
v 0 833 0.001697987 0.005464002 -0.02615607
v 0 834 0.001006007 0.007784002 -0.02374804
v 0 835 0.005370006 0.008539997 -0.02250803
v 0 836 -0.0007840097 0 -0.03546202
v 0 837 0 0 -0.03507602
v 0 838 0.0006899983 -0.002393991 -0.03407407
v 0 839 0 0 -0.0350759
v 0 840 0 0 -0.03507602
v 0 841 0.0007639974 -0.006216004 -0.03305399
v 0 842 0.001676008 0 -0.03589797
v 0 843 0 -0.003352001 -0.03507602
v 0 844 0 -0.0008459985 -0.03507602
v 0 845 -2.004206E-06 0.002301991 -0.03748405
v 0 846 0 0.004246011 -0.0350759
v 0 847 0 -0.001320004 -0.03507602
v 0 848 0 0.003215998 -0.0366981
v 0 849 0 -0.001325995 -0.03507602
v 0 850 0 0.005983993 -0.03507602
v 0 851 -0.001317993 0.009011999 -0.03047192
v 0 852 -0.0009939969 0.005178005 -0.03397799
v 0 853 -0.001211986 0.007774003 -0.02960396
v 0 854 -0.001697987 0.005464002 -0.02615607
v 0 855 0.0003720075 0.005186006 -0.03150797
v 0 856 -0.001006007 0.007784002 -0.02374804
v 0 857 -0.005370006 0.008539997 -0.02250803
v 0 858 0 0 -0.03507602
v 0 859 0.0007840097 0 -0.03546202
v 3 0 -0.007597998 -0.005752012 -0.03123403
v 3 1 0.0007200018 4.008412E-06 -0.03165197
v 3 4 0.001351997 0 -0.01762605
v 3 6 -2.599508E-05 -0.004174009 -0.02910602
v 3 8 0.001117997 6.005168E-06 0.001323938
v 3 10 -0.002191991 -0.003972001 -0.03206599
v 3 11 -2.599508E-05 -0.004174009 -0.02910602
v 3 14 0.001117997 6.005168E-06 0.001323938
v 3 15 -0.0004979968 -1.996756E-06 0.01948798
v 3 18 -0.004114002 0 -0.035514
v 3 20 -0.002552003 4.008412E-06 0.03520191
v 3 22 -0.002081998 4.008412E-06 0.03975809
v 3 24 0.00134401 0 0.04102397
v 3 25 0.0002219975 -1.996756E-06 0.03338194
v 3 28 0.002840005 0.002158001 0.04468203
v 3 99 -0.004263997 1.996756E-06 -0.02104199
v 3 102 0.0005479902 0.003095999 -0.001844049
v 3 114 -0.0001119971 4.000962E-06 0.01834393
v 3 116 0.0005479902 0.003095999 -0.001844049
v 3 127 0.0002999976 3.993511E-06 0.04303598
v 3 129 0.002840005 0.002158001 0.04468203
v 3 138 -0.0007200018 4.008412E-06 -0.03165197
v 3 139 0.007597998 -0.005752012 -0.03123403
v 3 142 -0.001351997 0 -0.01762605
v 3 144 2.599508E-05 -0.004174009 -0.02910602
v 3 146 -0.001117997 6.005168E-06 0.001323938
v 3 148 2.599508E-05 -0.004174009 -0.02910602
v 3 149 0.002191991 -0.003972001 -0.03206599
v 3 152 0.0004979968 -1.996756E-06 0.01948798
v 3 153 -0.001117997 6.005168E-06 0.001323938
v 3 156 0.004114002 0 -0.035514
v 3 158 0.002552003 4.008412E-06 0.03520191
v 3 160 0.002081998 4.008412E-06 0.03975809
v 3 162 -0.0002219975 -1.996756E-06 0.03338194
v 3 163 -0.00134401 0 0.04102397
v 3 166 -0.002840005 0.002158001 0.04468203
v 3 234 0.004263997 1.996756E-06 -0.02104199
v 3 235 -0.0005479902 0.003095999 -0.001844049
v 3 250 0.0001119971 4.000962E-06 0.01834393
v 3 251 -0.0005479902 0.003095999 -0.001844049
v 3 265 -0.0002999976 3.993511E-06 0.04303598
v 3 266 -0.002840005 0.002158001 0.04468203
morph ><_eyes
v 0 205 -0.000471998 0 -0.001285911
v 0 207 -0.0007779971 0 -0.002120018
v 0 213 -0.0002219975 0 -0.0006079674
v 0 217 0.002935998 1.996756E-06 -0.03257799
v 0 218 -0.003770001 0 -0.02967799
v 0 219 -0.001181997 4.008412E-06 -0.03395796
v 0 220 -0.008478001 -0.004176006 -0.02869999
v 0 221 0.002365999 2.011657E-06 -0.01914001
v 0 222 -0.000814002 0 -0.02249801
v 0 223 -0.001270004 -0.0007639974 -0.02598596
v 0 224 -0.001035996 -0.004960001 -0.01936007
v 0 225 0.00296 0 -0.004245996
v 0 226 -0.001006 6.005168E-06 -0.003872037
v 0 227 -0.008844003 -0.005878001 -0.01867402
v 0 228 -0.004584 -0.007876009 -0.01548004
v 0 229 0.004220001 0.006765991 0.01548803
v 0 230 -0.002661999 -1.996756E-06 0.01461196
v 0 231 -0.01004 -0.004464 -0.01279998
v 0 232 -0.005991995 -0.002697997 -0.01245403
v 0 233 -0.000914 0.004565999 0.02838397
v 0 234 -0.004418001 4.008412E-06 0.03310192
v 0 235 -0.001524001 0.006113991 0.03703594
v 0 236 -0.002917998 4.008412E-06 0.04259801
v 0 237 -0.003555998 0.0005559996 0.05580199
v 0 238 -0.0006419867 0.002749994 0.05898404
v 0 239 -0.0002719909 -0.001177996 0.05744803
v 0 240 -0.0006520003 -0.000876002 0.05820596
v 0 241 0.0003059953 0.005247995 0.05221605
v 0 242 0.001634002 0.001105994 0.05481398
v 0 263 -0.007679999 -0.003370002 0.009095907
v 0 264 -0.0001859963 1.996756E-06 0.002568007
v 0 265 -0.006972 -0.004834004 0.02650595
v 0 266 -0.0004040003 1.996756E-06 0.005110025
v 0 267 -0.004825994 -0.0001680031 0.008372068
v 0 268 -0.0008559972 0.0006819963 0.02670598
v 0 269 -1.80006E-05 0 0.0001980066
v 0 270 -0.0001040101 0 0.001107931
v 0 281 -0.003956005 4.000962E-06 0.04147804
v 0 282 -0.0001400113 2.004206E-06 0.001793981
v 0 283 -0.0002459884 -0.0002700016 0.04579198
v 0 284 -2.399087E-05 0 0.0002479553
v 0 375 -0.0003340021 0.005881995 0.0464921
v 0 376 -0.0001300052 -2.011657E-06 0.05100799
v 0 618 0.000471998 0 -0.001285911
v 0 619 0.0007779971 0 -0.002120018
v 0 626 0.0002219975 0 -0.0006079674
v 0 629 0.003770001 0 -0.02967799
v 0 630 -0.002935998 1.996756E-06 -0.03257799
v 0 631 0.001181997 4.008412E-06 -0.03395796
v 0 632 0.008478001 -0.004176006 -0.02869999
v 0 633 -0.002365999 2.011657E-06 -0.01914001
v 0 634 0.000814002 0 -0.02249801
v 0 635 0.001270004 -0.0007639974 -0.02598596
v 0 636 0.001035996 -0.004960001 -0.01936007
v 0 637 -0.00296 0 -0.004245996
v 0 638 0.001006 6.005168E-06 -0.003872037
v 0 639 0.008844003 -0.005878001 -0.01867402
v 0 640 0.004584 -0.007876009 -0.01548004
v 0 641 -0.004220001 0.006765991 0.01548803
v 0 642 0.002661999 -1.996756E-06 0.01461196
v 0 643 0.01004 -0.004464 -0.01279998
v 0 644 0.005991995 -0.002697997 -0.01245403
v 0 645 0.000914 0.004565999 0.02838397
v 0 646 0.004418001 4.008412E-06 0.03310192
v 0 647 0.001524001 0.006113991 0.03703594
v 0 648 0.002917998 4.008412E-06 0.04259801
v 0 649 0.0006419867 0.002749994 0.05898404
v 0 650 0.003555998 0.0005559996 0.05580199
v 0 653 0.0002719909 -0.001177996 0.05744803
v 0 654 0.0006520003 -0.000876002 0.05820596
v 0 655 -0.0003059953 0.005247995 0.05221605
v 0 656 -0.001634002 0.001105994 0.05481398
v 0 675 0.0001859963 1.996756E-06 0.002568007
v 0 676 0.007679999 -0.003370002 0.009095907
v 0 677 0.006972 -0.004834004 0.02650595
v 0 678 0.0004040003 1.996756E-06 0.005110025
v 0 679 0.004825994 -0.0001680031 0.008372068
v 0 680 0.0008559972 0.0006819963 0.02670598
v 0 681 1.80006E-05 0 0.0001980066
v 0 682 0.0001040101 0 0.001107931
v 0 693 0.0001400113 2.004206E-06 0.001793981
v 0 694 0.003956005 4.000962E-06 0.04147804
v 0 695 0.0002459884 -0.0002700016 0.04579198
v 0 696 2.399087E-05 0 0.0002479553
v 0 786 0.0003340021 0.005881995 0.0464921
v 0 787 0.0001300052 -2.011657E-06 0.05100799
v 0 816 -0.008012004 -0.005846009 -0.06777799
v 0 817 -0.005181998 -0.005285993 -0.04685807
v 0 818 -0.046964 -0.028826 -0.04345
v 0 819 -0.061286 -0.03311199 -0.058658
v 0 820 -0.05605999 -0.03879599 -0.03947198
v 0 821 -0.07336201 -0.04488599 -0.04766202
v 0 822 0.040554 0.019724 -0.07116401
v 0 823 0.03944 0.01468 -0.0483501
v 0 824 0.072428 0.040394 -0.047194
v 0 825 0.083938 0.05189401 -0.05804992
v 0 826 0.07254 0.043136 -0.07062006
v 0 827 0.089272 0.05723601 -0.04032004
v 0 828 0.090554 0.06235799 -0.06669796
v 0 829 -0.020362 -0.019012 -0.003087997
v 0 830 -0.03260601 -0.030696 -0.01447403
v 0 831 -0.005446002 -0.0006479993 -0.0009618998
v 0 832 -0.026492 -0.028684 -0.01290202
v 0 833 -0.009806007 -0.011452 0.001605988
v 0 834 -0.016224 -0.012966 0.01020801
v 0 835 -0.003929988 -0.0002700016 0.014534
v 0 836 -0.05786201 -0.043998 -0.02834404
v 0 837 -0.05213 -0.04121599 -0.029212
v 0 838 0.005181998 -0.005285993 -0.04685807
v 0 839 0.008012004 -0.005846009 -0.06777799
v 0 840 0.061286 -0.03311199 -0.058658
v 0 841 0.046964 -0.028826 -0.04345
v 0 842 0.07336201 -0.04488599 -0.04766202
v 0 843 0.05605999 -0.03879599 -0.03947198
v 0 844 -0.03944 0.01468 -0.0483501
v 0 845 -0.040554 0.019724 -0.07116401
v 0 846 -0.083938 0.05189401 -0.05804992
v 0 847 -0.072428 0.040394 -0.047194
v 0 848 -0.07254 0.043136 -0.07062006
v 0 849 -0.089272 0.05723601 -0.04032004
v 0 850 -0.090554 0.06235799 -0.06669796
v 0 851 0.005446002 -0.0006479993 -0.0009618998
v 0 852 0.03260601 -0.030696 -0.01447403
v 0 853 0.020362 -0.019012 -0.003087997
v 0 854 0.009806007 -0.011452 0.001605988
v 0 855 0.026492 -0.028684 -0.01290202
v 0 856 0.016224 -0.012966 0.01020801
v 0 857 0.003929988 -0.0002700016 0.014534
v 0 858 0.05213 -0.04121599 -0.029212
v 0 859 0.05786201 -0.043998 -0.02834404
v 3 0 -0.008478001 -0.004176006 -0.02869999
v 3 1 -0.001181997 4.008412E-06 -0.03395796
v 3 4 -0.000814002 0 -0.02249801
v 3 6 -0.001035996 -0.004960001 -0.01936007
v 3 8 -0.001006 6.005168E-06 -0.003872037
v 3 9 -4.599988E-05 0 -0.0001260042
v 3 10 -0.004584 -0.007876009 -0.01548004
v 3 11 -0.001035996 -0.004960001 -0.01936007
v 3 14 -0.001006 6.005168E-06 -0.003872037
v 3 15 -0.002661999 -1.996756E-06 0.01461196
v 3 17 -4.599988E-05 0 -0.0001260042
v 3 18 -0.005991995 -0.002697997 -0.01245403
v 3 20 -0.004418001 4.008412E-06 0.03310192
v 3 22 -0.002917998 4.008412E-06 0.04259801
v 3 24 -0.0006520003 -0.000876002 0.05820596
v 3 25 -0.0002719909 -0.001177996 0.05744803
v 3 28 0.001634002 0.001105994 0.05481398
v 3 99 -0.004825994 -0.0001680031 0.008372068
v 3 100 -7.399917E-05 0 0.0007879734
v 3 101 -7.000566E-05 0 0.0007539988
v 3 102 -0.0008559972 0.0006819963 0.02670598
v 3 114 -0.0002459884 -0.0002700016 0.04579198
v 3 115 -1.80006E-05 0 0.0001939535
v 3 116 -0.0008559972 0.0006819963 0.02670598
v 3 117 -7.000566E-05 0 0.0007539988
v 3 127 -0.0001300052 -2.011657E-06 0.05100799
v 3 129 0.001634002 0.001105994 0.05481398
v 3 138 0.001181997 4.008412E-06 -0.03395796
v 3 139 0.008478001 -0.004176006 -0.02869999
v 3 142 0.000814002 0 -0.02249801
v 3 144 0.001035996 -0.004960001 -0.01936007
v 3 146 0.001006 6.005168E-06 -0.003872037
v 3 147 4.599988E-05 0 -0.0001260042
v 3 148 0.001035996 -0.004960001 -0.01936007
v 3 149 0.004584 -0.007876009 -0.01548004
v 3 152 0.002661999 -1.996756E-06 0.01461196
v 3 153 0.001006 6.005168E-06 -0.003872037
v 3 154 4.599988E-05 0 -0.0001260042
v 3 156 0.005991995 -0.002697997 -0.01245403
v 3 158 0.004418001 4.008412E-06 0.03310192
v 3 160 0.002917998 4.008412E-06 0.04259801
v 3 162 0.0002719909 -0.001177996 0.05744803
v 3 163 0.0006520003 -0.000876002 0.05820596
v 3 166 -0.001634002 0.001105994 0.05481398
v 3 233 7.399917E-05 0 0.0007879734
v 3 234 0.004825994 -0.0001680031 0.008372068
v 3 235 0.0008559972 0.0006819963 0.02670598
v 3 236 7.000566E-05 0 0.0007539988
v 3 249 1.80006E-05 0 0.0001939535
v 3 250 0.0002459884 -0.0002700016 0.04579198
v 3 251 0.0008559972 0.0006819963 0.02670598
v 3 252 7.000566E-05 0 0.0007539988
v 3 265 0.0001300052 -2.011657E-06 0.05100799
v 3 266 -0.001634002 0.001105994 0.05481398
morph oo
v 0 31 -0.003466001 3.993511E-06 -0.001547933
v 0 32 -0.001064001 0.001113996 -0.001656055
v 0 33 -4E-06 0.0007499903 -0.0009520054
v 0 292 0.001138 -1.996756E-06 0.002792001
v 0 293 0.0006380007 -5.990267E-06 0.006483912
v 0 296 -0.0007799994 0.001788005 -0.001754045
v 0 299 -0.0007799994 0.001788005 -0.001754045
v 0 302 0.0018 0.007574007 -0.00840807
v 0 303 -0.0007799994 0.001788005 -0.001754045
v 0 305 0 0.008704007 -0.01118398
v 0 326 0 -0.001490012 0.007436037
v 0 340 -0.001427999 0.003301993 -0.002985954
v 0 341 0.001374001 0.007071987 -0.007511973
v 0 342 -0.0007799994 0.001788005 -0.001754045
v 0 343 0.0018 0.007574007 -0.00840807
v 0 344 0 0.009128004 -0.01030409
v 0 345 0 0.008704007 -0.01118398
v 0 346 0.001195999 0 0.002946019
v 0 347 0.0006380007 -5.990267E-06 0.006484032
v 0 348 0.0006380007 -5.990267E-06 0.006483912
v 0 349 0.001138 -1.996756E-06 0.002792001
v 0 350 0 -0.001489997 0.007436037
v 0 351 0 -0.001490012 0.007436037
v 0 352 0 0 0.0003579855
v 0 363 0 0 0.0003579855
v 0 364 -0.0007799994 0.001788005 -0.001754045
v 0 365 0.001195999 0 0.002946019
v 0 366 0.001138 -1.996756E-06 0.002792001
v 0 367 0 0.001210004 0.0003579855
v 0 438 0.001064001 0.001113996 -0.001656055
v 0 439 0.003466001 3.993511E-06 -0.001547933
v 0 440 -4E-06 0.0007499903 -0.0009520054
v 0 704 -0.0006380007 -5.990267E-06 0.006483912
v 0 705 -0.001138 -1.996756E-06 0.002792001
v 0 708 -0.001138 -1.996756E-06 0.002792001
v 0 709 0.0007799994 0.001788005 -0.001754045
v 0 711 -0.001138 -1.996756E-06 0.002792001
v 0 714 -0.0018 0.007574007 -0.00840807
v 0 717 0 0.008704007 -0.01118398
v 0 740 0 -0.001490012 0.007436037
v 0 751 -0.001374001 0.007071987 -0.007511973
v 0 752 0.001427999 0.003301993 -0.002985954
v 0 753 0.0007799994 0.001788005 -0.001754045
v 0 754 -0.0018 0.007574007 -0.00840807
v 0 755 0 0.009128004 -0.01030409
v 0 756 0 0.008704007 -0.01118398
v 0 757 -0.0006380007 -5.990267E-06 0.006484032
v 0 758 -0.001195999 0 0.002946019
v 0 759 -0.001138 -1.996756E-06 0.002792001
v 0 760 -0.0006380007 -5.990267E-06 0.006483912
v 0 761 0 -0.001489997 0.007436037
v 0 762 0 -0.001490012 0.007436037
v 0 764 0 0 0.0003579855
v 0 774 0 0 0.0003579855
v 0 775 0 0 0.0003579855
v 0 776 0.0007799994 0.001788005 -0.001754045
v 0 777 -0.001138 -1.996756E-06 0.002792001
v 0 778 0 0.001210004 0.0003579855
morph aa
v 0 16 0.006772 -1.996756E-06 -0.002020001
v 0 31 -0.001218 0.002851993 -0.004217982
v 0 32 0.0005639996 0.003968 -0.00457406
v 0 33 -4E-06 0.004526004 -0.005732059
v 0 292 0.009264 0 0.008481979
v 0 293 0.00242 -0.003531992 0.01017594
v 0 296 0.005045999 0.005956009 -0.006513953
v 0 299 0.005045999 0.005956009 -0.006513953
v 0 302 0.00445 0.012058 -0.01240396
v 0 303 0.005045999 0.005956009 -0.006513953
v 0 305 0 0.013486 -0.01596403
v 0 326 0 -0.005140007 0.01112401
v 0 340 0.003674001 0.006155998 -0.007022023
v 0 341 0.003526 0.009923995 -0.01125801
v 0 342 0.005045999 0.005956009 -0.006513953
v 0 343 0.00445 0.012058 -0.01240396
v 0 344 0 0.01321201 -0.015082
v 0 345 0 0.013486 -0.01596403
v 0 346 0.009623999 -0.005715996 0.008418083
v 0 347 0.001692 -0.005720004 0.01040399
v 0 348 0.00242 -0.003531992 0.01017594
v 0 349 0.009264 0 0.008481979
v 0 350 0 -0.005139992 0.01112401
v 0 351 0 -0.005140007 0.01112401
v 0 352 0.0008060001 0.002849996 -0.001412034
v 0 363 0.002552001 0.001315996 -3.397465E-05
v 0 364 0.005045999 0.005956009 -0.006513953
v 0 365 0.009623999 -0.005715996 0.008418083
v 0 366 0.009264 0 0.008481979
v 0 367 0.002209999 0.002532005 -0.001682043
v 0 423 -0.006772 -1.996756E-06 -0.002020001
v 0 438 -0.0005639996 0.003968 -0.00457406
v 0 439 0.001218 0.002851993 -0.004217982
v 0 440 -4E-06 0.004526004 -0.005732059
v 0 704 -0.00242 -0.003531992 0.01017594
v 0 705 -0.009264 0 0.008481979
v 0 708 -0.009264 0 0.008481979
v 0 709 -0.005045999 0.005956009 -0.006513953
v 0 711 -0.009264 0 0.008481979
v 0 714 -0.00445 0.012058 -0.01240396
v 0 717 0 0.013486 -0.01596403
v 0 740 0 -0.005140007 0.01112401
v 0 751 -0.003526 0.009923995 -0.01125801
v 0 752 -0.003674001 0.006155998 -0.007022023
v 0 753 -0.005045999 0.005956009 -0.006513953
v 0 754 -0.00445 0.012058 -0.01240396
v 0 755 0 0.01321201 -0.015082
v 0 756 0 0.013486 -0.01596403
v 0 757 -0.001692 -0.005720004 0.01040399
v 0 758 -0.009623999 -0.005715996 0.008418083
v 0 759 -0.009264 0 0.008481979
v 0 760 -0.00242 -0.003531992 0.01017594
v 0 761 0 -0.005139992 0.01112401
v 0 762 0 -0.005140007 0.01112401
v 0 764 -0.0008060001 0.002849996 -0.001412034
v 0 774 -0.002552001 0.001315996 -3.397465E-05
v 0 775 -0.002552001 0.001315996 -3.397465E-05
v 0 776 -0.005045999 0.005956009 -0.006513953
v 0 777 -0.009264 0 0.008481979
v 0 778 -0.002209999 0.002532005 -0.001682043
morph angry_brow
v 6 0 -0.003087997 -0.002108008 0.002561927
v 6 1 -0.00587 -0.003049999 -0.00793004
v 6 2 -0.003187999 0.001399994 -0.007219911
v 6 3 -0.001499996 -0.0009980053 0.003119946
v 6 4 -0.007737994 -0.008134007 0.01202393
v 6 5 -0.01034001 -0.008134007 0.01157999
v 6 6 -0.007333994 -0.011692 0.02050805
v 6 7 -0.009583995 -0.014234 0.02025199
v 6 8 0.003403999 0.005116001 -0.01047003
v 6 9 0.005792003 0.007975996 -0.009986043
v 6 10 0.010102 0.006162003 -0.01133001
v 6 11 -0.006403998 -0.016776 0.02627599
v 6 12 0.00587 -0.003049999 -0.00793004
v 6 13 0.003087997 -0.002108008 0.002561927
v 6 14 0.001499996 -0.0009980053 0.003119946
v 6 15 0.003187999 0.001399994 -0.007219911
v 6 16 0.01034001 -0.008134007 0.01157999
v 6 17 0.007737994 -0.008134007 0.01202393
v 6 18 0.009583995 -0.014234 0.02025199
v 6 19 0.007333994 -0.011692 0.02050805
v 6 20 -0.005792003 0.007975996 -0.009986043
v 6 21 -0.003403999 0.005116001 -0.01047003
v 6 22 -0.010102 0.006162003 -0.01133001
v 6 23 0.006403998 -0.016776 0.02627599
morph sad_brow
v 6 0 0.004666001 0 -0.00167799
v 6 1 0.004602 0 0.01066995
v 6 2 0.002190001 0 0.01080608
v 6 3 0.002393998 0 -0.001342058
v 6 4 0.0007620007 0 -0.00939405
v 6 5 0.003033996 0 -0.009729981
v 6 6 -0.001859993 0 -0.01630402
v 6 7 7.000566E-05 0 -0.01670003
v 6 8 0.002737999 0 0.02290392
v 6 9 0.002426002 0.000105992 0.02421391
v 6 10 -0.001710001 -0.010168 0.03847206
v 6 11 -0.004186004 0 -0.02082598
v 6 12 -0.004602 0 0.01066995
v 6 13 -0.004666001 0 -0.00167799
v 6 14 -0.002393998 0 -0.001342058
v 6 15 -0.002190001 0 0.01080608
v 6 16 -0.003033996 0 -0.009729981
v 6 17 -0.0007620007 0 -0.00939405
v 6 18 -7.000566E-05 0 -0.01670003
v 6 19 0.001859993 0 -0.01630402
v 6 20 -0.002426002 0.000105992 0.02421391
v 6 21 -0.002737999 0 0.02290392
v 6 22 0.001710001 -0.010168 0.03847206
v 6 23 0.004186004 0 -0.02082598
morph blue_shadow
v 15 417 0.126672 -0.174086 -0.0244379
v 15 418 0.149048 -0.142364 -0.02446592
v 15 419 0.147692 -0.142364 0.03303993
v 15 420 0.12669 -0.174086 0.03285801
v 15 421 0.08175199 -0.213386 0.03264201
v 15 422 0.08235 -0.213386 -0.02440798
v 15 423 0.04236 -0.240866 0.03245401
v 15 424 0.043498 -0.240866 -0.02437806
v 15 425 0.01057 -0.254778 0.03230405
v 15 426 0.012144 -0.254778 -0.02435601
v 15 427 0 -0.25524 0.03209805
v 15 428 0 -0.25524 -0.02432406
v 15 429 0.082558 -0.202248 -0.05518806
v 15 430 0.118824 -0.168446 -0.05530596
v 15 431 0.082792 -0.202248 -0.08958006
v 15 432 0.117744 -0.168446 -0.08979392
v 15 433 0.043896 -0.227284 -0.05508602
v 15 434 0.04434 -0.227284 -0.08939207
v 15 435 0.13996 -0.142364 -0.055408
v 15 436 0.135258 -0.142364 -0.08997595
v 15 437 0.012694 -0.238626 -0.05499995
v 15 438 0.013308 -0.238626 -0.08924007
v 15 439 0 -0.241812 -0.05488992
v 15 440 0 -0.23909 -0.08903599
v 15 441 -0.149048 -0.142364 -0.02446592
v 15 442 -0.126672 -0.174086 -0.0244379
v 15 443 -0.12669 -0.174086 0.03285801
v 15 444 -0.147692 -0.142364 0.03303993
v 15 445 -0.08235 -0.213386 -0.02440798
v 15 446 -0.08175199 -0.213386 0.03264201
v 15 447 -0.043498 -0.240866 -0.02437806
v 15 448 -0.04236 -0.240866 0.03245401
v 15 449 -0.012144 -0.254778 -0.02435601
v 15 450 -0.01057 -0.254778 0.03230405
v 15 451 -0.118824 -0.168446 -0.05530596
v 15 452 -0.082558 -0.202248 -0.05518806
v 15 453 -0.082792 -0.202248 -0.08958006
v 15 454 -0.117744 -0.168446 -0.08979392
v 15 455 -0.043896 -0.227284 -0.05508602
v 15 456 -0.04434 -0.227284 -0.08939207
v 15 457 -0.13996 -0.142364 -0.055408
v 15 458 -0.135258 -0.142364 -0.08997595
v 15 459 -0.012694 -0.238626 -0.05499995
v 15 460 -0.013308 -0.238626 -0.08924007
v 15 461 0.147692 -0.142364 0.03303993
v 15 462 0.149048 -0.142364 -0.02446592
v 15 463 0.159408 -0.0623 -0.02446592
v 15 464 0.158052 -0.0623 0.03303993
v 15 465 -0.149048 -0.142364 -0.02446592
v 15 466 -0.147692 -0.142364 0.03303993
v 15 467 -0.158052 -0.0623 0.03303993
v 15 468 -0.159408 -0.0623 -0.02446592
v 15 469 0.13996 -0.142364 -0.055408
v 15 470 0.15032 -0.0623 -0.055408
v 15 471 -0.13996 -0.142364 -0.055408
v 15 472 -0.15032 -0.0623 -0.055408
v 15 473 0.135258 -0.142364 -0.08997595
v 15 474 0.145616 -0.0623 -0.08997595
v 15 475 -0.135258 -0.142364 -0.08997595
v 15 476 -0.145616 -0.0623 -0.08997595
morph tears
v 15 94 0.06958 -0.176988 0
v 15 95 0.069578 -0.17699 0
v 15 96 0.06957799 -0.17699 0
v 15 97 0.06957799 -0.176988 0
v 15 98 0.06957799 -0.17699 0
v 15 99 0.06957799 -0.17699 0
v 15 100 0.06957799 -0.17699 0
v 15 101 0.06957799 -0.176988 0
v 15 102 0.06957799 -0.17699 0
v 15 103 0.069578 -0.17699 0
v 15 104 0.069578 -0.17699 0
v 15 105 0.06957799 -0.17699 0
v 15 106 0.06957799 -0.176988 0
v 15 107 0.06957799 -0.17699 0
v 15 108 0.06957799 -0.17699 0
v 15 109 0.06957799 -0.17699 0
v 15 110 0.06957799 -0.176988 0
v 15 111 0.06957799 -0.17699 0
v 15 112 0.069578 -0.17699 0
v 15 113 0.069578 -0.17699 0
v 15 114 0.069578 -0.176988 0
v 15 115 0.069578 -0.176988 0
v 15 116 0.06957799 -0.176988 0
v 15 117 0.06957799 -0.176988 0
v 15 118 0.06958 -0.176988 0
v 15 119 0.06958 -0.17699 0
v 15 120 0.06958 -0.17699 0
v 15 121 0.06958 -0.17699 0
v 15 122 0.06958 -0.17699 0
v 15 123 0.06958 -0.17699 0
v 15 124 0.06958 -0.176988 0
v 15 125 0.069578 -0.176988 0
v 15 126 0.06957801 -0.176988 0
v 15 127 0.069578 -0.17699 0
v 15 128 0.06957799 -0.176988 0
v 15 129 0.06957799 -0.176988 0
v 15 130 0.06957799 -0.176988 0
v 15 131 0.069578 -0.17699 0
v 15 132 0.06958 -0.176988 0
v 15 133 0.06958 -0.176988 0
v 15 134 0.06958 -0.17699 0
v 15 135 0.06957799 -0.176988 0
v 15 136 0.06957799 -0.176988 0
v 15 137 0.06957799 -0.176988 0
v 15 138 0.069578 -0.17699 0
v 15 139 0.06957801 -0.17699 0
v 15 140 0.06958 -0.17699 0
v 15 141 0.06957799 -0.176988 0
v 15 142 0.06957799 -0.17699 0
v 15 143 0.06957799 -0.17699 0
v 15 144 0.06957801 -0.17699 0
v 15 145 0.069578 -0.17699 0
v 15 146 0.069578 -0.17699 0
v 15 147 0.06957801 -0.17699 0
v 15 148 0.06957799 -0.17699 0
v 15 149 0.06957799 -0.17699 0
v 15 150 0.06957799 -0.176988 0
v 15 151 0.06958 -0.17699 0
v 15 152 0.069578 -0.176988 0
v 15 153 0.069578 -0.176988 0
v 15 154 0.069578 -0.176988 0
v 15 155 0.06958 -0.17699 0
v 15 156 0.06958 -0.17699 0
v 15 157 0.06958 -0.176988 0
v 15 158 0.069578 -0.176988 0
v 15 159 0.069578 -0.176988 0
v 15 160 0.06958 -0.176988 0
v 15 161 0.06958 -0.17699 0
v 15 162 0.06958 -0.17699 0
v 15 163 0.069578 -0.176988 0
v 15 164 0.06957799 -0.176988 0
v 15 165 0.069578 -0.176988 0
v 15 166 0.06957801 -0.17699 0
v 15 167 0.06957799 -0.176988 0
v 15 168 0.06957801 -0.17699 0
v 15 169 0.06958 -0.17699 0
v 15 170 0.06958 -0.17699 0
v 15 171 0.06958 -0.17699 0
v 15 172 0.06958 -0.17699 0
v 15 173 0.06958 -0.176988 0
v 15 174 0.06957799 -0.176988 0
v 15 175 0.06958 -0.17699 0
v 15 176 0.06958 -0.17699 0
v 15 177 0.06958 -0.17699 0
v 15 178 0.06958 -0.17699 0
v 15 179 0.06957801 -0.17699 0
v 15 180 0.06957799 -0.176988 0
v 15 181 0.06958 -0.17699 0
v 15 182 0.06958 -0.176988 0
v 15 183 0.069578 -0.17699 0
v 15 184 0.06957801 -0.17699 0
v 15 185 0.069578 -0.176988 0
v 15 186 0.06958 -0.17699 0
v 15 187 0.069578 -0.176988 0
v 15 188 0.06957801 -0.17699 0
v 15 189 0.06957801 -0.176988 0
v 15 190 0.06957801 -0.17699 0
v 15 191 0.06957801 -0.17699 0
v 15 192 0.069578 -0.176988 0
v 15 193 0.06958 -0.17699 0
v 15 194 0.069578 -0.176988 0
v 15 195 0.069578 -0.17699 0
v 15 196 0.06957801 -0.176988 0
v 15 197 0.069578 -0.176988 0
v 15 198 0.069578 -0.17699 0
v 15 199 0.06957801 -0.176988 0
v 15 200 0.069578 -0.17699 0
v 15 201 0.06957801 -0.176988 0
v 15 202 0.06957801 -0.176988 0
v 15 203 0.06958 -0.17699 0
v 15 204 0.06958 -0.176988 0
v 15 205 0.06958 -0.176988 0
v 15 206 0.06958 -0.17699 0
v 15 207 0.06957801 -0.176988 0
v 15 208 0.06957801 -0.176988 0
v 15 209 0.06957801 -0.176988 0
v 15 210 0.069578 -0.17699 0
v 15 211 0.069578 -0.17699 0
v 15 212 0.069578 -0.176988 0
v 15 213 0.06958 -0.17699 0
v 15 214 0.06957799 -0.17699 0
v 15 215 0.06957799 -0.17699 0
v 15 216 0.06958 -0.17699 0
v 15 217 0.06958 -0.17699 0
v 15 218 0.069578 -0.17699 0
v 15 219 0.06958 -0.17699 0
v 15 220 0.06958 -0.17699 0
v 15 221 0.06958 -0.17699 0
v 15 222 0.06958 -0.17699 0
v 15 223 0.06958 -0.176988 0
v 15 224 0.06957799 -0.17699 0
v 15 225 0.06958 -0.176988 0
v 15 226 0.069578 -0.17699 0
v 15 227 0.069578 -0.176988 0
v 15 228 0.069578 -0.176988 0
v 15 229 0.069578 -0.17699 0
v 15 230 0.06957801 -0.176988 0
v 15 231 0.06957801 -0.176988 0
v 15 232 0.069578 -0.17699 0
v 15 233 0.069578 -0.176988 0
v 15 234 0.069578 -0.176988 0
v 15 235 0.069578 -0.17699 0
v 15 236 0.06958 -0.176988 0
v 15 237 0.06957799 -0.176988 0
v 15 238 0.06957799 -0.176988 0
v 15 239 0.069578 -0.17699 0
v 15 240 0.06957799 -0.176988 0
v 15 241 0.06957799 -0.176988 0
v 15 242 0.06957799 -0.176988 0
v 15 243 0.069578 -0.17699 0
v 15 244 0.06957799 -0.176988 0
v 15 245 -0.06957799 -0.17699 0
v 15 246 -0.069578 -0.17699 0
v 15 247 -0.06958 -0.176988 0
v 15 248 -0.06957799 -0.176988 0
v 15 249 -0.06957799 -0.17699 0
v 15 250 -0.06957799 -0.17699 0
v 15 251 -0.06957799 -0.17699 0
v 15 252 -0.06957799 -0.176988 0
v 15 253 -0.06957799 -0.17699 0
v 15 254 -0.069578 -0.17699 0
v 15 255 -0.06957799 -0.17699 0
v 15 256 -0.069578 -0.17699 0
v 15 257 -0.06957799 -0.176988 0
v 15 258 -0.06957799 -0.17699 0
v 15 259 -0.06957799 -0.17699 0
v 15 260 -0.06957799 -0.17699 0
v 15 261 -0.06957799 -0.176988 0
v 15 262 -0.06957799 -0.17699 0
v 15 263 -0.069578 -0.17699 0
v 15 264 -0.069578 -0.17699 0
v 15 265 -0.069578 -0.176988 0
v 15 266 -0.069578 -0.176988 0
v 15 267 -0.06957799 -0.176988 0
v 15 268 -0.06957799 -0.176988 0
v 15 269 -0.06958 -0.176988 0
v 15 270 -0.06958 -0.17699 0
v 15 271 -0.06958 -0.17699 0
v 15 272 -0.06958 -0.17699 0
v 15 273 -0.06958 -0.17699 0
v 15 274 -0.06958 -0.17699 0
v 15 275 -0.06958 -0.176988 0
v 15 276 -0.069578 -0.176988 0
v 15 277 -0.06957801 -0.176988 0
v 15 278 -0.069578 -0.17699 0
v 15 279 -0.06957799 -0.176988 0
v 15 280 -0.06957799 -0.176988 0
v 15 281 -0.06957799 -0.176988 0
v 15 282 -0.069578 -0.17699 0
v 15 283 -0.06958 -0.176988 0
v 15 284 -0.06958 -0.176988 0
v 15 285 -0.06958 -0.17699 0
v 15 286 -0.06957799 -0.176988 0
v 15 287 -0.06957799 -0.176988 0
v 15 288 -0.06957799 -0.176988 0
v 15 289 -0.069578 -0.17699 0
v 15 290 -0.069578 -0.17699 0
v 15 291 -0.069578 -0.17699 0
v 15 292 -0.06957801 -0.17699 0
v 15 293 -0.06958 -0.17699 0
v 15 294 -0.06957799 -0.176988 0
v 15 295 -0.06957799 -0.17699 0
v 15 296 -0.06957799 -0.17699 0
v 15 297 -0.06957801 -0.17699 0
v 15 298 -0.069578 -0.17699 0
v 15 299 -0.069578 -0.17699 0
v 15 300 -0.06957801 -0.17699 0
v 15 301 -0.06957799 -0.17699 0
v 15 302 -0.06957799 -0.17699 0
v 15 303 -0.06957799 -0.176988 0
v 15 304 -0.069578 -0.17699 0
v 15 305 -0.069578 -0.17699 0
v 15 306 -0.06958 -0.17699 0
v 15 307 -0.069578 -0.17699 0
v 15 308 -0.069578 -0.176988 0
v 15 309 -0.069578 -0.176988 0
v 15 310 -0.069578 -0.176988 0
v 15 311 -0.06958 -0.17699 0
v 15 312 -0.06958 -0.17699 0
v 15 313 -0.06958 -0.176988 0
v 15 314 -0.069578 -0.176988 0
v 15 315 -0.069578 -0.176988 0
v 15 316 -0.06958 -0.176988 0
v 15 317 -0.06958 -0.17699 0
v 15 318 -0.06958 -0.17699 0
v 15 319 -0.069578 -0.176988 0
v 15 320 -0.06957799 -0.176988 0
v 15 321 -0.069578 -0.176988 0
v 15 322 -0.06957801 -0.17699 0
v 15 323 -0.06957799 -0.176988 0
v 15 324 -0.06957801 -0.17699 0
v 15 325 -0.06958 -0.17699 0
v 15 326 -0.06958 -0.17699 0
v 15 327 -0.06958 -0.17699 0
v 15 328 -0.06958 -0.17699 0
v 15 329 -0.06958 -0.176988 0
v 15 330 -0.06957799 -0.176988 0
v 15 331 -0.06958 -0.17699 0
v 15 332 -0.06958 -0.17699 0
v 15 333 -0.06958 -0.17699 0
v 15 334 -0.06958 -0.17699 0
v 15 335 -0.06957801 -0.17699 0
v 15 336 -0.06957799 -0.176988 0
v 15 337 -0.06958 -0.17699 0
v 15 338 -0.06958 -0.176988 0
v 15 339 -0.069578 -0.17699 0
v 15 340 -0.06957801 -0.17699 0
v 15 341 -0.06958 -0.17699 0
v 15 342 -0.069578 -0.176988 0
v 15 343 -0.069578 -0.176988 0
v 15 344 -0.06957801 -0.17699 0
v 15 345 -0.06957801 -0.176988 0
v 15 346 -0.06957801 -0.17699 0
v 15 347 -0.06957801 -0.17699 0
v 15 348 -0.069578 -0.176988 0
v 15 349 -0.069578 -0.176988 0
v 15 350 -0.06958 -0.17699 0
v 15 351 -0.069578 -0.17699 0
v 15 352 -0.06957801 -0.176988 0
v 15 353 -0.069578 -0.176988 0
v 15 354 -0.069578 -0.17699 0
v 15 355 -0.06957801 -0.176988 0
v 15 356 -0.069578 -0.17699 0
v 15 357 -0.06957801 -0.176988 0
v 15 358 -0.06957801 -0.176988 0
v 15 359 -0.06958 -0.17699 0
v 15 360 -0.06958 -0.176988 0
v 15 361 -0.06958 -0.176988 0
v 15 362 -0.06958 -0.17699 0
v 15 363 -0.06957801 -0.176988 0
v 15 364 -0.06957801 -0.176988 0
v 15 365 -0.06957801 -0.176988 0
v 15 366 -0.069578 -0.17699 0
v 15 367 -0.069578 -0.17699 0
v 15 368 -0.069578 -0.176988 0
v 15 369 -0.06958 -0.17699 0
v 15 370 -0.06957799 -0.17699 0
v 15 371 -0.06957799 -0.17699 0
v 15 372 -0.06958 -0.17699 0
v 15 373 -0.06958 -0.17699 0
v 15 374 -0.069578 -0.17699 0
v 15 375 -0.06958 -0.17699 0
v 15 376 -0.06958 -0.17699 0
v 15 377 -0.06958 -0.17699 0
v 15 378 -0.06958 -0.17699 0
v 15 379 -0.06958 -0.176988 0
v 15 380 -0.06957799 -0.17699 0
v 15 381 -0.06958 -0.176988 0
v 15 382 -0.069578 -0.17699 0
v 15 383 -0.069578 -0.176988 0
v 15 384 -0.069578 -0.176988 0
v 15 385 -0.069578 -0.17699 0
v 15 386 -0.06957801 -0.176988 0
v 15 387 -0.06957801 -0.176988 0
v 15 388 -0.069578 -0.17699 0
v 15 389 -0.069578 -0.176988 0
v 15 390 -0.069578 -0.176988 0
v 15 391 -0.069578 -0.17699 0
v 15 392 -0.06958 -0.176988 0
v 15 393 -0.06957799 -0.176988 0
v 15 394 -0.069578 -0.17699 0
v 15 395 -0.06957799 -0.176988 0
v 15 396 -0.06957799 -0.176988 0
v 15 397 -0.06957799 -0.176988 0
v 15 398 -0.069578 -0.17699 0
v 15 399 -0.06957799 -0.176988 0
v 15 400 -0.06957799 -0.176988 0
